1 1 -23.233250 
1 2 -10.213250 
1 3 -4.800000 
1 4 3.000000 
1 5 -25.577750 
1 6 -11.207750 
1 7 -9.990000 
1 8 4.200000 
2 1 -23.243945 
2 2 -10.223945 
2 3 -4.799725 
2 4 2.970275 
2 5 -25.588443 
2 6 -11.218443 
2 7 -9.987174 
2 8 4.172826 
3 1 -23.270681 
3 2 -10.220681 
3 3 -4.799037 
3 4 2.970963 
3 5 -25.615164 
3 6 -11.215164 
3 7 -9.980108 
3 8 4.179892 
4 1 -23.319268 
4 2 -10.209268 
4 3 -4.797355 
4 4 2.972645 
4 5 -25.663645 
4 6 -11.203645 
4 7 -9.963389 
4 8 4.196611 
5 1 -23.385838 
5 2 -10.425838 
5 3 -9.982271 
5 4 3.397729 
5 5 -25.729396 
5 6 -11.629396 
5 7 -9.915822 
5 8 4.394178 
6 1 -23.465454 
6 2 -10.415454 
6 3 -9.967379 
6 4 3.382621 
6 5 -25.802764 
6 6 -11.612764 
6 7 -9.783916 
6 8 4.376084 
7 1 -23.564639 
7 2 -10.424639 
7 3 -9.910675 
7 4 3.379325 
7 5 -25.827638 
7 6 -11.817638 
7 7 -9.297880 
7 8 4.592120 
8 1 -23.557292 
8 2 -10.417292 
8 3 -9.686149 
8 4 3.393851 
8 5 -24.626586 
8 6 -12.206586 
8 7 -7.599695 
8 8 4.970305 
9 1 -23.500240 
9 2 -10.600240 
9 3 -9.518537 
9 4 3.591463 
9 5 -23.659976 
9 6 -11.809976 
9 7 -7.179485 
9 8 4.580515 
10 1 -23.490809 
10 2 -10.620809 
10 3 -9.360697 
10 4 3.599303 
10 5 -23.502177 
10 6 -11.802177 
10 7 -7.016224 
10 8 4.593776 
11 1 -23.517098 
11 2 -10.617098 
11 3 -9.191516 
11 4 3.588484 
11 5 -23.754038 
11 6 -12.024038 
11 7 -6.859019 
11 8 4.780981 
12 1 -23.579521 
12 2 -10.829521 
12 3 -9.001099 
12 4 3.778901 
12 5 -24.224034 
12 6 -12.404034 
12 7 -6.746929 
12 8 5.373071 
13 1 -23.654932 
13 2 -11.024932 
13 3 -8.816246 
13 4 3.993754 
13 5 -24.557003 
13 6 -12.407003 
13 7 -6.652234 
13 8 5.377766 
14 1 -23.745389 
14 2 -11.025389 
14 3 -8.618274 
14 4 3.981726 
14 5 -24.712183 
14 6 -12.622183 
14 7 -6.482393 
14 8 5.577607 
15 1 -23.842354 
15 2 -11.212354 
15 3 -8.406893 
15 4 4.193107 
15 5 -24.875091 
15 6 -12.815091 
15 7 -6.302105 
15 8 5.787895 
16 1 -23.952578 
16 2 -11.202578 
16 3 -8.186079 
16 4 4.173921 
16 5 -25.000517 
16 6 -13.000517 
16 7 -6.088817 
16 8 6.181183 
17 1 -24.080791 
17 2 -11.600791 
17 3 -7.929227 
17 4 4.370773 
17 5 -25.146343 
17 6 -13.026343 
17 7 -5.840859 
17 8 6.189141 
18 1 -24.207863 
18 2 -11.817863 
18 3 -7.677664 
18 4 4.592336 
18 5 -25.287080 
18 6 -13.227080 
18 7 -5.596325 
18 8 6.373675 
19 1 -24.344677 
19 2 -12.014677 
19 3 -7.414654 
19 4 4.795346 
19 5 -25.428865 
19 6 -13.428865 
19 7 -5.335900 
19 8 6.574100 
20 1 -24.490767 
20 2 -12.220767 
20 3 -7.133814 
20 4 4.986186 
20 5 -25.580255 
20 6 -13.610255 
20 7 -5.057833 
20 8 6.792167 
21 1 -24.653087 
21 2 -12.413087 
21 3 -6.821771 
21 4 5.388229 
21 5 -25.748457 
21 6 -13.808457 
21 7 -4.748888 
21 8 7.191112 
22 1 -24.803295 
22 2 -12.623295 
22 3 -6.537758 
22 4 5.582242 
22 5 -25.900643 
22 6 -14.020643 
22 7 -4.465921 
22 8 7.384079 
23 1 -24.953622 
23 2 -12.803622 
23 3 -6.253829 
23 4 5.776171 
23 5 -25.992722 
23 6 -14.202722 
23 7 -4.182921 
23 8 7.577079 
24 1 -25.103949 
24 2 -13.013949 
24 3 -5.969901 
24 4 6.180099 
24 5 -25.994799 
24 6 -14.414799 
24 7 -3.899923 
24 8 7.980077 
25 1 -25.268385 
25 2 -13.208385 
25 3 -5.659377 
25 4 6.370623 
25 5 -25.981068 
25 6 -14.611068 
25 7 -3.590375 
25 8 9.999625 
26 1 -25.419213 
26 2 -13.419213 
26 3 -5.376166 
26 4 6.593834 
26 5 -25.981037 
26 6 -14.611037 
26 7 -3.306706 
26 8 9.983294 
27 1 -25.570042 
27 2 -13.600042 
27 3 -5.092955 
27 4 6.787045 
27 5 -25.981006 
27 6 -14.611006 
27 7 -3.023038 
27 8 9.996962 
28 1 -25.720871 
28 2 -13.810871 
28 3 -4.809744 
28 4 7.190256 
28 5 -25.980975 
28 6 -14.610975 
28 7 -2.739370 
28 8 9.980630 
29 1 -25.874056 
29 2 -14.024056 
29 3 -4.522108 
29 4 7.387892 
29 5 -25.983288 
29 6 -14.613288 
29 7 -2.451270 
29 8 9.998730 
30 1 -25.975655 
30 2 -14.215655 
30 3 -4.216112 
30 4 7.573888 
30 5 -25.987482 
30 6 -14.617482 
30 7 -2.141360 
30 8 9.978640 
31 1 -25.975157 
31 2 -14.425157 
31 3 -3.932043 
31 4 7.977957 
31 5 -25.977646 
31 6 -14.607646 
31 7 -1.852405 
31 8 9.997595 
32 1 -25.976993 
32 2 -14.606993 
32 3 -3.643541 
32 4 9.976459 
32 5 -25.999975 
32 6 -14.629975 
32 7 -1.558981 
32 8 9.991019 
33 1 -25.976491 
33 2 -14.606491 
33 3 -3.359481 
33 4 9.990519 
33 5 -25.990091 
33 6 -14.620091 
33 7 -1.270119 
33 8 9.979881 
34 1 -25.983227 
34 2 -14.613227 
34 3 -3.051135 
34 4 9.998865 
34 5 -25.972226 
34 6 -14.602226 
34 7 -0.949431 
34 8 9.970569 
35 1 -25.974086 
35 2 -14.604086 
35 3 -2.763063 
35 4 9.986937 
35 5 -25.985379 
35 6 -14.615379 
35 7 -0.643136 
35 8 9.976864 
36 1 -25.997113 
36 2 -14.627113 
36 3 -2.470562 
36 4 9.979438 
36 5 -25.999783 
36 6 -14.629783 
36 7 -0.332818 
36 8 9.987182 
37 1 -25.987907 
37 2 -14.617907 
37 3 -2.182632 
37 4 9.997368 
37 5 -25.982239 
37 6 -14.612239 
37 7 -0.028034 
37 8 9.991966 
38 1 -25.976260 
38 2 -14.606260 
38 3 -1.855215 
38 4 9.994785 
38 5 -25.996220 
38 6 -14.626220 
38 7 0.005831 
38 8 9.995831 
39 1 -25.973136 
39 2 -14.603136 
39 3 -1.552303 
39 4 9.997697 
39 5 -25.983045 
39 6 -14.613045 
39 7 0.008839 
39 8 9.998839 
40 1 -25.980681 
40 2 -14.610681 
40 3 -1.277593 
40 4 9.972407 
40 5 -25.995496 
40 6 -14.625496 
40 7 0.005280 
40 8 9.995280 
41 1 -25.987123 
41 2 -14.617123 
41 3 -1.432601 
41 4 9.997399 
41 5 -25.036649 
41 6 -14.416649 
41 7 -2.655214 
41 8 7.994786 
42 1 -25.970123 
42 2 -14.600123 
42 3 -1.623825 
42 4 9.986175 
42 5 -25.031889 
42 6 -14.201889 
42 7 -3.185990 
42 8 7.584010 
43 1 -25.984143 
43 2 -14.614143 
43 3 -1.859035 
43 4 9.990965 
43 5 -24.809364 
43 6 -14.009364 
43 7 -3.457851 
43 8 7.372149 
44 1 -25.983076 
44 2 -14.613076 
44 3 -2.080543 
44 4 9.979457 
44 5 -24.600514 
44 6 -13.800514 
44 7 -3.713230 
44 8 7.176770 
45 1 -25.990884 
45 2 -14.620884 
45 3 -2.304032 
45 4 9.995968 
45 5 -24.382520 
45 6 -13.612520 
45 7 -3.951225 
45 8 6.788775 
46 1 -25.821566 
46 2 -14.601566 
46 3 -2.530570 
46 4 9.979430 
46 5 -24.157327 
46 6 -13.417327 
46 7 -4.181930 
46 8 6.588070 
47 1 -25.570750 
47 2 -14.620750 
47 3 -2.778344 
47 4 9.971656 
47 5 -23.911035 
47 6 -13.201035 
47 7 -4.434250 
47 8 6.395750 
48 1 -25.342431 
48 2 -14.422431 
48 3 -3.005400 
48 4 7.974600 
48 5 -23.684598 
48 6 -13.004598 
48 7 -4.663191 
48 8 6.196809 
49 1 -25.114938 
49 2 -14.224938 
49 3 -3.232887 
49 4 7.597113 
49 5 -23.457113 
49 6 -12.807113 
49 7 -4.890685 
49 8 5.789315 
50 1 -24.887446 
50 2 -14.027446 
50 3 -3.460374 
50 4 7.399626 
50 5 -23.229628 
50 6 -12.609628 
50 7 -5.118180 
50 8 5.591820 
51 1 -24.638446 
51 2 -13.808446 
51 3 -3.709370 
51 4 7.180630 
51 5 -22.980634 
51 6 -12.420634 
51 7 -5.367182 
51 8 5.372818 
52 1 -24.410452 
52 2 -13.610452 
52 3 -3.937365 
52 4 6.772635 
52 5 -22.752640 
52 6 -12.222640 
52 7 -5.595176 
52 8 4.994824 
53 1 -24.182457 
53 2 -13.412457 
53 3 -4.165359 
53 4 6.574641 
53 5 -22.524646 
53 6 -12.024646 
53 7 -5.823171 
53 8 4.796829 
54 1 -23.896564 
54 2 -13.216564 
54 3 -4.140683 
54 4 6.389317 
54 5 -23.596928 
54 6 -13.606928 
54 7 -3.356981 
54 8 6.783019 
55 1 -24.049211 
55 2 -13.219211 
55 3 -4.268059 
55 4 6.381941 
55 5 -25.553267 
55 6 -14.603267 
55 7 -2.469588 
55 8 9.980412 
56 1 -24.292556 
56 2 -13.612556 
56 3 -4.055260 
56 4 6.774740 
56 5 -25.950368 
56 6 -14.610368 
56 7 -2.397448 
56 8 9.992552 
57 1 -24.521429 
57 2 -13.811429 
57 3 -3.826387 
57 4 7.183613 
57 5 -25.999241 
57 6 -14.629241 
57 7 -2.168576 
57 8 9.981424 
58 1 -24.752570 
58 2 -13.802570 
58 3 -3.595246 
58 4 7.174754 
58 5 -25.990382 
58 6 -14.620382 
58 7 -1.937435 
58 8 9.972565 
59 1 -24.980155 
59 2 -14.210155 
59 3 -3.367661 
59 4 7.582339 
59 5 -25.977966 
59 6 -14.607966 
59 7 -1.709850 
59 8 9.990150 
60 1 -25.225471 
60 2 -14.425471 
60 3 -3.122341 
60 4 7.977659 
60 5 -25.983265 
60 6 -14.613265 
60 7 -1.464511 
60 8 9.995489 
61 1 -25.452278 
61 2 -14.412278 
61 3 -2.895474 
61 4 7.994526 
61 5 -25.999781 
61 6 -14.629781 
61 7 -1.237353 
61 8 9.982647 
62 1 -25.682629 
62 2 -14.612629 
62 3 -2.665062 
62 4 9.994938 
62 5 -25.989836 
62 6 -14.619836 
62 7 -1.006645 
62 8 9.973355 
63 1 -25.909436 
63 2 -14.629436 
63 3 -2.438194 
63 4 9.981806 
63 5 -25.976351 
63 6 -14.606351 
63 7 -0.779487 
63 8 9.990513 
64 1 -25.973916 
64 2 -14.603916 
64 3 -2.193452 
64 4 9.986548 
64 5 -25.979919 
64 6 -14.609919 
64 7 -0.533833 
64 8 9.996167 
65 1 -25.990525 
65 2 -14.620525 
65 3 -1.965940 
65 4 9.974060 
65 5 -25.993680 
65 6 -14.623680 
65 7 -0.303485 
65 8 9.986515 
66 1 -25.980674 
66 2 -14.610674 
66 3 -1.734874 
66 4 9.995126 
66 5 -25.980932 
66 6 -14.610932 
66 7 -0.069542 
66 8 9.980458 
67 1 -25.997282 
67 2 -14.627282 
67 3 -1.507364 
67 4 9.982636 
67 5 -25.994682 
67 6 -18.404682 
67 7 0.160795 
67 8 10.180795 
68 1 -25.983578 
68 2 -14.613578 
68 3 -1.279447 
68 4 9.970553 
68 5 -25.977286 
68 6 -18.627286 
68 7 0.392350 
68 8 10.382350 
69 1 -25.989447 
69 2 -14.619447 
69 3 -1.028027 
69 4 9.981973 
69 5 -25.994713 
69 6 -19.004713 
69 7 0.652028 
69 8 10.792028 
70 1 -25.974237 
70 2 -14.604237 
70 3 -0.798161 
70 4 9.971839 
70 5 -25.981750 
70 6 -19.201750 
70 7 0.889406 
70 8 10.999406 
71 1 -25.989023 
71 2 -14.619023 
71 3 -0.568298 
71 4 9.991702 
71 5 -25.978749 
71 6 -19.408749 
71 7 1.126745 
71 8 11.386745 
72 1 -25.972029 
72 2 -14.602029 
72 3 -0.336743 
72 4 9.983257 
72 5 -25.990699 
72 6 -19.420699 
72 7 1.368795 
72 8 11.388795 
73 1 -25.972213 
73 2 -14.602213 
73 3 -0.079953 
73 4 9.970047 
73 5 -25.971900 
73 6 -19.611900 
73 7 1.643292 
73 8 11.783292 
74 1 -25.981793 
74 2 -18.421793 
74 3 0.154807 
74 4 10.174807 
74 5 -25.993953 
74 6 -19.813953 
74 7 1.894057 
74 8 11.974057 
75 1 -25.991356 
75 2 -18.611356 
75 3 0.389548 
75 4 10.379548 
75 5 -25.985828 
75 6 -20.015828 
75 7 2.144625 
75 8 12.374625 
76 1 -25.991915 
76 2 -18.821915 
76 3 0.602218 
76 4 10.592218 
76 5 -25.983991 
76 6 -20.223991 
76 7 2.415463 
76 8 12.795463 
77 1 -25.980539 
77 2 -19.200539 
77 3 0.898982 
77 4 10.978982 
77 5 -25.993939 
77 6 -20.413939 
77 7 2.714527 
77 8 12.974527 
78 1 -25.979505 
78 2 -19.409505 
78 3 1.142805 
78 4 11.372805 
78 5 -25.986944 
78 6 -20.616944 
78 7 2.987148 
78 8 13.397148 
79 1 -25.994718 
79 2 -19.424718 
79 3 1.399904 
79 4 11.389904 
79 5 -25.983390 
79 6 -20.613390 
79 7 3.281498 
79 8 13.391498 
80 1 -25.978412 
80 2 -19.618412 
80 3 1.658246 
80 4 11.798246 
80 5 -25.976064 
80 6 -20.816064 
80 7 3.576712 
80 8 13.776712 
81 1 -25.986915 
81 2 -19.806915 
81 3 1.926351 
81 4 11.976351 
81 5 -25.993536 
81 6 -21.013536 
81 7 3.879670 
81 8 14.199670 
82 1 -25.997473 
82 2 -20.027473 
82 3 2.217645 
82 4 12.387645 
82 5 -25.981047 
82 6 -21.211047 
82 7 4.205158 
82 8 14.375158 
83 1 -25.988517 
83 2 -20.228517 
83 3 2.491622 
83 4 12.781622 
83 5 -25.998984 
83 6 -21.408984 
83 7 4.499469 
83 8 24.479469 
84 1 -25.977475 
84 2 -20.217475 
84 3 2.773136 
84 4 12.793136 
84 5 -25.998278 
84 6 -21.408278 
84 7 4.792708 
84 8 24.772708 
85 1 -25.979916 
85 2 -20.609916 
85 3 3.051971 
85 4 13.371971 
85 5 -25.992164 
85 6 -21.402164 
85 7 5.082369 
85 8 25.062369 
86 1 -25.982861 
86 2 -20.612861 
86 3 3.353842 
86 4 13.373842 
86 5 -25.990741 
86 6 -21.400741 
86 7 5.398115 
86 8 25.378115 
87 1 -25.987074 
87 2 -20.827074 
87 3 3.638499 
87 4 13.778499 
87 5 -25.973888 
87 6 -21.413888 
87 7 5.710618 
87 8 25.690618 
88 1 -25.984433 
88 2 -21.004433 
88 3 3.931646 
88 4 14.191646 
88 5 -25.978950 
88 6 -21.418950 
88 7 6.045277 
88 8 25.995277 
89 1 -25.979958 
89 2 -21.209958 
89 3 4.224026 
89 4 14.394026 
89 5 -25.970971 
89 6 -21.410971 
89 7 6.388479 
89 8 25.978479 
90 1 -25.990137 
90 2 -21.400137 
90 3 4.554358 
90 4 24.534358 
90 5 -25.999543 
90 6 -21.409543 
90 7 6.801261 
90 8 25.971261 
91 1 -25.998068 
91 2 -21.408068 
91 3 4.869488 
91 4 24.849488 
91 5 -25.986329 
91 6 -21.006329 
91 7 16.418168 
91 8 25.988168 
92 1 -25.970329 
92 2 -21.410329 
92 3 5.197823 
92 4 25.177823 
92 5 -25.972579 
92 6 -20.812579 
92 7 16.807374 
92 8 25.987374 
93 1 -25.976627 
93 2 -21.416627 
93 3 5.522331 
93 4 25.502331 
93 5 -25.990480 
93 6 -20.620480 
93 7 17.016790 
93 8 25.986790 
94 1 -25.995810 
94 2 -21.405810 
94 3 5.849294 
94 4 25.829294 
94 5 -25.979953 
94 6 -20.429953 
94 7 17.221403 
94 8 25.981403 
95 1 -25.970385 
95 2 -21.200385 
95 3 16.201236 
95 4 25.981236 
95 5 -25.987702 
95 6 -20.227702 
95 7 17.415464 
95 8 25.995464 
96 1 -25.985821 
96 2 -21.005821 
96 3 16.409304 
96 4 25.979304 
96 5 -25.973214 
96 6 -19.823214 
96 7 18.004753 
96 8 25.984753 
97 1 -25.989832 
97 2 -21.009832 
97 3 16.428326 
97 4 25.998326 
97 5 -25.971917 
97 6 -19.611917 
97 7 18.213681 
97 8 25.983681 
98 1 -25.999561 
98 2 -20.809561 
98 3 16.822833 
98 4 25.972833 
98 5 -25.997124 
98 6 -19.427124 
98 7 18.628923 
98 8 25.978923 
99 1 -25.977512 
99 2 -20.427512 
99 3 17.202278 
99 4 25.992278 
99 5 -25.979505 
99 6 -19.019505 
99 7 19.009059 
99 8 25.999059 
100 1 -25.994752 
100 2 -20.204752 
100 3 17.402774 
100 4 25.982774 
100 5 -25.974227 
100 6 -18.804227 
100 7 19.222990 
100 8 25.972990 
101 1 -25.979447 
101 2 -20.219447 
101 3 17.422758 
101 4 25.972758 
101 5 -25.976527 
101 6 -18.626527 
101 7 19.413677 
101 8 25.983677 
102 1 -25.992507 
102 2 -20.022507 
102 3 17.800770 
102 4 25.990770 
102 5 -25.974830 
102 6 -18.414830 
102 7 19.600452 
102 8 25.990452 
103 1 -25.984575 
103 2 -19.624575 
103 3 18.229623 
103 4 25.999623 
103 5 -25.998494 
103 6 -18.228494 
103 7 19.827151 
103 8 25.977151 
104 1 -25.990189 
104 2 -19.600189 
104 3 18.211808 
104 4 25.981808 
104 5 -25.995235 
104 6 -15.615235 
104 7 20.227851 
104 8 25.987851 
105 1 -25.986914 
105 2 -19.416914 
105 3 18.608303 
105 4 25.988303 
105 5 -25.999351 
105 6 -15.619351 
105 7 20.219475 
105 8 25.979475 
106 1 -25.977743 
106 2 -19.017743 
106 3 19.028595 
106 4 25.988595 
106 5 -25.973226 
106 6 -15.623226 
106 7 20.207372 
106 8 25.997372 
107 1 -25.973146 
107 2 -18.803146 
107 3 19.224683 
107 4 25.974683 
107 5 -25.990573 
107 6 -15.610573 
107 7 20.217354 
107 8 25.977354 
108 1 -25.985476 
108 2 -18.605476 
108 3 19.425746 
108 4 25.995746 
108 5 -25.983279 
108 6 -15.603279 
108 7 20.219154 
108 8 25.979154 
109 1 -25.994457 
109 2 -18.404457 
109 3 19.623687 
109 4 25.983687 
109 5 -25.999004 
109 6 -15.619004 
109 7 20.213668 
109 8 25.973668 
110 1 -25.993787 
110 2 -18.223787 
110 3 19.816341 
110 4 25.996341 
110 5 -25.994091 
110 6 -6.614091 
110 7 20.428008 
110 8 25.978008 
111 1 -25.982066 
111 2 -18.002066 
111 3 20.017086 
111 4 25.987086 
111 5 -25.970486 
111 6 -6.230486 
111 7 20.409130 
111 8 25.989130 
112 1 -25.982133 
112 2 -15.602133 
112 3 20.220241 
112 4 25.980241 
112 5 -25.698110 
112 6 -5.718110 
112 7 20.424264 
112 8 25.974264 
113 1 -25.977289 
113 2 -15.627289 
113 3 20.200541 
113 4 25.990541 
113 5 -25.217759 
113 6 -5.237759 
113 7 20.406005 
113 8 25.986005 
114 1 -25.982888 
114 2 -15.602888 
114 3 20.215973 
114 4 25.975973 
114 5 -24.821569 
114 6 -4.841569 
114 7 20.404235 
114 8 25.984235 
115 1 -25.988334 
115 2 -15.608334 
115 3 20.228860 
115 4 25.988860 
115 5 -24.484471 
115 6 -4.504471 
115 7 20.403503 
115 8 25.983503 
116 1 -25.996694 
116 2 -15.616694 
116 3 20.201172 
116 4 25.991172 
116 5 -24.132204 
116 6 -4.152204 
116 7 20.418149 
116 8 25.998149 
117 1 -25.972054 
117 2 -15.622054 
117 3 20.204297 
117 4 25.994297 
117 5 -23.807718 
117 6 -3.827718 
117 7 20.411990 
117 8 25.991990 
118 1 -25.819689 
118 2 -15.619689 
118 3 20.215683 
118 4 25.975683 
118 5 -23.477247 
118 6 -3.497247 
118 7 20.403896 
118 8 25.983896 
119 1 -25.498365 
119 2 -5.518365 
119 3 20.425183 
119 4 25.975183 
119 5 -23.203801 
119 6 -3.223801 
119 7 20.426490 
119 8 25.976490 
120 1 -25.153410 
120 2 -5.173410 
120 3 20.420613 
120 4 25.970613 
120 5 -22.825418 
120 6 -2.845418 
120 7 20.428337 
120 8 25.978337 
121 1 -24.821260 
121 2 -4.841260 
121 3 20.424829 
121 4 25.974829 
121 5 -22.477554 
121 6 -2.497554 
121 7 20.425816 
121 8 25.975816 
122 1 -24.497332 
122 2 -4.517332 
122 3 20.428264 
122 4 25.978264 
122 5 -12.792909 
122 6 -2.172909 
122 7 20.207238 
122 8 25.997238 
123 1 -24.174449 
123 2 -4.194449 
123 3 20.429507 
123 4 25.979507 
123 5 -12.589955 
123 6 -1.849955 
123 7 20.014528 
123 8 25.984528 
124 1 -23.851173 
124 2 -3.871173 
124 3 20.429234 
124 4 25.979234 
124 5 -12.386680 
124 6 -1.526680 
124 7 19.823575 
124 8 25.973575 
125 1 -23.496761 
125 2 -3.516761 
125 3 20.426077 
125 4 25.976077 
125 5 -12.182468 
125 6 -1.172468 
125 7 19.614914 
125 8 25.974914 
126 1 -23.173842 
126 2 -3.193842 
126 3 20.417737 
126 4 25.997737 
126 5 -11.980986 
126 6 -0.850986 
126 7 19.429951 
126 8 25.999951 
127 1 -22.848889 
127 2 -2.868889 
127 3 20.421605 
127 4 25.971605 
127 5 -11.785011 
127 6 -0.535011 
127 7 19.028683 
127 8 25.988683 
128 1 -22.528149 
128 2 -2.548149 
128 3 20.421144 
128 4 25.971144 
128 5 -11.570443 
128 6 -0.260443 
128 7 18.828231 
128 8 25.998231 
129 1 -12.785111 
129 2 -2.225111 
129 3 20.214233 
129 4 25.974233 
129 5 -11.379316 
129 6 -0.159316 
129 7 18.415553 
129 8 25.975553 
130 1 -12.396905 
130 2 -1.986905 
130 3 19.807115 
130 4 25.987115 
130 5 -11.186149 
130 6 -0.296149 
130 7 18.002915 
130 8 25.982915 
131 1 -12.172757 
131 2 -1.672757 
131 3 19.605645 
131 4 25.995645 
131 5 -10.990062 
131 6 0.559938 
131 7 17.810274 
131 8 25.970274 
132 1 -11.974168 
132 2 -1.354168 
132 3 19.405266 
132 4 25.975266 
132 5 -10.973190 
132 6 0.966810 
132 7 17.813994 
132 8 25.973994 
133 1 -11.774621 
133 2 -1.004621 
133 3 19.007791 
133 4 25.997791 
133 5 -10.997539 
133 6 1.332461 
133 7 17.801439 
133 8 25.991439 
134 1 -11.783716 
134 2 -0.683716 
134 3 19.012710 
134 4 25.972710 
134 5 -10.792953 
134 6 1.657047 
134 7 17.410383 
134 8 25.990383 
135 1 -11.582961 
135 2 -0.362961 
135 3 18.809257 
135 4 25.979257 
135 5 -10.799924 
135 6 1.980076 
135 7 17.406435 
135 8 25.986435 
136 1 -11.377428 
136 2 -0.037428 
136 3 18.408845 
136 4 25.998845 
136 5 -10.593988 
136 6 2.306012 
136 7 17.018348 
136 8 25.988348 
137 1 -11.386909 
137 2 0.283091 
137 3 18.428594 
137 4 25.988594 
137 5 -10.393135 
137 6 2.626865 
137 7 16.810233 
137 8 25.990233 
138 1 -11.191357 
138 2 0.628643 
138 3 18.027542 
138 4 25.977542 
138 5 -10.377294 
138 6 2.972706 
138 7 16.812268 
138 8 25.992268 
139 1 -11.170852 
139 2 0.949148 
139 3 18.017292 
139 4 25.997292 
139 5 -10.176586 
139 6 3.293414 
139 7 16.424156 
139 8 25.994156 
140 1 -10.995431 
140 2 1.274569 
140 3 17.801939 
140 4 25.991939 
140 5 -10.181092 
140 6 3.618908 
140 7 16.424389 
140 8 25.994389 
141 1 -10.795042 
141 2 1.594958 
141 3 17.408164 
141 4 25.988164 
141 5 -9.980665 
141 6 3.939335 
141 7 16.004120 
141 8 25.994120 
142 1 -10.779624 
142 2 1.940376 
142 3 17.404093 
142 4 25.984093 
142 5 -9.785211 
142 6 4.284789 
142 7 14.023829 
142 8 25.993829 
143 1 -10.579236 
143 2 2.260764 
143 3 17.010317 
143 4 25.980317 
143 5 -9.794796 
143 6 4.605204 
143 7 14.023560 
143 8 25.993560 
144 1 -10.583844 
144 2 2.586156 
144 3 17.006482 
144 4 25.976482 
144 5 -9.799381 
144 6 4.930619 
144 7 14.023287 
144 8 25.993287 
145 1 -10.383457 
145 2 2.906543 
145 3 16.822707 
145 4 25.972707 
145 5 -9.778977 
145 6 5.251023 
145 7 14.023018 
145 8 25.993018 
146 1 -10.188004 
146 2 3.251996 
146 3 16.400823 
146 4 25.970823 
146 5 -9.793517 
146 6 5.596483 
146 7 14.022946 
146 8 25.992946 
147 1 -10.192565 
147 2 3.577435 
147 3 16.429721 
147 4 25.999721 
147 5 -9.798075 
147 6 5.921925 
147 7 14.022946 
147 8 25.992946 
148 1 -9.992134 
148 2 3.897866 
148 3 16.008637 
148 4 25.998637 
148 5 -9.777641 
148 6 6.242359 
148 7 14.022946 
148 8 25.992946 
149 1 -9.971702 
149 2 4.218298 
149 3 16.007552 
149 4 25.997552 
149 5 -9.787206 
149 6 6.562794 
149 7 14.022945 
149 8 25.992945 
150 1 -9.771270 
150 2 4.538730 
150 3 14.026468 
150 4 25.996468 
150 5 -9.796773 
150 6 6.883227 
150 7 14.022945 
150 8 25.992945 
151 1 -9.780798 
151 2 4.889202 
151 3 14.025282 
151 4 25.995282 
151 5 -8.786299 
151 6 7.233701 
151 7 13.812945 
151 8 25.992945 
152 1 -9.790367 
152 2 5.209633 
152 3 14.024197 
152 4 25.994197 
152 5 -8.795867 
152 6 7.554133 
152 7 13.812945 
152 8 25.992945 
153 1 -9.799590 
153 2 5.530410 
153 3 14.023742 
153 4 25.993742 
153 5 -8.775091 
153 6 7.574909 
153 7 13.812685 
153 8 25.992685 
154 1 -9.778646 
154 2 5.851354 
154 3 14.023595 
154 4 25.993595 
154 5 -8.784146 
154 6 7.595854 
154 7 13.812300 
154 8 25.992300 
155 1 -9.787613 
155 2 6.202387 
155 3 14.023434 
155 4 25.993434 
155 5 -8.793113 
155 6 7.586887 
155 7 13.811878 
155 8 25.991878 
156 1 -9.796668 
156 2 6.523332 
156 3 14.023286 
156 4 25.993286 
156 5 -7.572169 
156 6 7.397831 
156 7 13.601492 
156 8 25.991492 
157 1 -9.775724 
157 2 6.844276 
157 3 14.023139 
157 4 25.993139 
157 5 -7.581224 
157 6 7.388776 
157 7 13.601107 
157 8 25.991107 
158 1 -9.779764 
158 2 7.170236 
158 3 14.022989 
158 4 25.992989 
158 5 -7.585265 
158 6 7.384735 
158 7 13.600715 
158 8 25.990715 
159 1 -8.773746 
159 2 7.516254 
159 3 13.812830 
159 4 25.992830 
159 5 -7.599247 
159 6 7.370753 
159 7 13.600299 
159 8 25.990299 
160 1 -8.782817 
160 2 7.597183 
160 3 13.812636 
160 4 25.992636 
160 5 -7.578319 
160 6 7.391681 
160 7 13.629690 
160 8 25.989690 
161 1 -8.792021 
161 2 7.587979 
161 3 13.812068 
161 4 25.992068 
161 5 -7.587526 
161 6 7.382474 
161 7 13.627258 
161 8 25.987258 
162 1 -8.796211 
162 2 7.583789 
162 3 13.811490 
162 4 25.991490 
162 5 -7.591721 
162 6 7.378279 
162 7 13.624789 
162 8 25.984789 
163 1 -7.575415 
163 2 7.394585 
163 3 13.600922 
163 4 25.990922 
163 5 -7.570931 
163 6 7.399069 
163 7 13.622357 
163 8 25.982357 
164 1 -7.589556 
164 2 7.380444 
164 3 13.600309 
164 4 25.990309 
164 5 -8.485080 
164 6 7.594920 
164 7 13.829736 
164 8 25.979736 
165 1 -7.598760 
165 2 7.371240 
165 3 13.629740 
165 4 25.989740 
165 5 -8.164293 
165 6 7.795707 
165 7 14.007304 
165 8 25.977304 
166 1 -7.572951 
166 2 7.397049 
166 3 13.629163 
166 4 25.989163 
166 5 -7.838495 
166 6 7.971505 
166 7 14.214835 
166 8 25.974835 
167 1 -7.582156 
167 2 7.387844 
167 3 13.628594 
167 4 25.988594 
167 5 -7.517711 
167 6 8.172289 
167 7 14.422404 
167 8 25.972404 
168 1 -7.596402 
168 2 7.373598 
168 3 13.626500 
168 4 25.986500 
168 5 -7.171991 
168 6 8.188009 
168 7 14.416072 
168 8 25.996072 
169 1 -7.575770 
169 2 7.394230 
169 3 13.623620 
169 4 25.983620 
169 5 -6.851411 
169 6 8.388589 
169 7 14.617849 
169 8 25.987849 
170 1 -7.580129 
170 2 7.389871 
170 3 13.620695 
170 4 25.980695 
170 5 -6.525837 
170 6 8.594163 
170 7 14.819498 
170 8 25.979498 
171 1 -8.549500 
171 2 7.590500 
171 3 13.827815 
171 4 25.977815 
171 5 -6.205284 
171 6 8.794716 
171 7 15.021276 
171 8 25.971276 
172 1 -8.203823 
172 2 7.786177 
172 3 14.004710 
172 4 25.974710 
172 5 -5.859704 
172 6 8.990296 
172 7 15.222411 
172 8 25.992411 
173 1 -7.878186 
173 2 7.991814 
173 3 14.211785 
173 4 25.971785 
173 5 -5.534172 
173 6 8.985828 
173 7 15.214061 
173 8 25.984061 
174 1 -7.557560 
174 2 8.192440 
174 3 14.418905 
174 4 25.998905 
174 5 -5.213661 
174 6 9.186339 
174 7 15.415839 
174 8 25.975839 
175 1 -7.236654 
175 2 8.183346 
175 3 14.410690 
175 4 25.990690 
175 5 -4.893181 
175 6 9.776819 
175 7 15.601308 
175 8 25.981308 
176 1 -6.915703 
176 2 8.384297 
176 3 14.611367 
176 4 25.981367 
176 5 -4.572854 
176 6 9.797146 
176 7 15.603397 
176 8 25.983397 
177 1 -6.564681 
177 2 8.585319 
177 3 14.811172 
177 4 25.971172 
177 5 -4.222683 
177 6 10.597317 
177 7 15.812876 
177 8 25.982876 
178 1 -6.243762 
178 2 8.786238 
178 3 15.011851 
178 4 25.991851 
178 5 -3.902697 
178 6 10.587303 
178 7 15.814979 
178 8 25.984979 
179 1 -5.922859 
179 2 8.987141 
179 3 15.212531 
179 4 25.982531 
179 5 -3.582874 
179 6 10.577126 
179 7 15.817090 
179 8 25.987090 
180 1 -5.602564 
180 2 8.977436 
180 3 15.224885 
180 4 25.994885 
180 5 -3.265886 
180 6 10.594114 
180 7 15.813542 
180 8 25.983542 
181 1 -5.253543 
181 2 9.176457 
181 3 15.401405 
181 4 25.991405 
181 5 -2.926794 
181 6 11.383206 
181 7 16.013451 
181 8 25.973451 
182 1 -4.939778 
182 2 9.790222 
182 3 15.611316 
182 4 25.991316 
182 5 -2.625380 
182 6 11.384620 
182 7 16.016830 
182 8 25.976830 
183 1 -4.646238 
183 2 9.783762 
183 3 15.613186 
183 4 25.993186 
183 5 -2.346323 
183 6 11.393677 
183 7 16.028132 
183 8 25.988132 
184 1 -4.387068 
184 2 9.772932 
184 3 15.629089 
184 4 25.979089 
184 5 -2.259481 
184 6 10.580519 
184 7 15.814176 
184 8 25.984176 
185 1 -4.144818 
185 2 9.775182 
185 3 15.602045 
185 4 25.982045 
185 5 -2.393144 
185 6 10.596856 
185 7 15.813739 
185 8 25.983739 
186 1 -4.254305 
186 2 9.785695 
186 3 15.615132 
186 4 25.995132 
186 5 -5.138297 
186 6 7.971703 
186 7 14.223672 
186 8 25.983672 
187 1 -4.387065 
187 2 9.172935 
187 3 15.417405 
187 4 25.977405 
187 5 -5.593976 
187 6 7.576024 
187 7 13.827418 
187 8 25.977418 
188 1 -4.557883 
188 2 9.182117 
188 3 15.421370 
188 4 25.981370 
188 5 -6.274388 
188 6 7.375612 
188 7 13.614407 
188 8 25.974407 
189 1 -4.494624 
189 2 9.785376 
189 3 15.614105 
189 4 25.994105 
189 5 -4.597507 
189 6 11.392493 
189 7 16.006347 
189 8 25.996347 
190 1 -4.489954 
190 2 9.790046 
190 3 15.606173 
190 4 25.986173 
190 5 -4.492799 
190 6 11.377201 
190 7 16.000671 
190 8 25.990671 
191 1 -4.485558 
191 2 9.794442 
191 3 15.627160 
191 4 25.977160 
191 5 -4.446320 
191 6 11.393680 
191 7 16.021332 
191 8 25.981332 
192 1 -4.454051 
192 2 9.795949 
192 3 15.602663 
192 4 25.982663 
192 5 -4.168610 
192 6 11.371390 
192 7 16.009721 
192 8 25.999721 
193 1 -4.296760 
193 2 10.583240 
193 3 15.814442 
193 4 25.984442 
193 5 -2.854985 
193 6 11.575015 
193 7 17.423217 
193 8 25.973217 
194 1 -4.089893 
194 2 10.580107 
194 3 15.824173 
194 4 25.994173 
194 5 -1.777179 
194 6 11.392821 
194 7 16.028921 
194 8 25.988921 
195 1 -3.979895 
195 2 10.570105 
195 3 15.806156 
195 4 25.976156 
195 5 -1.637276 
195 6 11.382724 
195 7 16.020062 
195 8 25.980062 
196 1 -3.899449 
196 2 10.590551 
196 3 15.801709 
196 4 25.971709 
196 5 -1.555077 
196 6 11.374923 
196 7 16.006231 
196 8 25.996231 
197 1 -3.832781 
197 2 10.597219 
197 3 15.800348 
197 4 25.970348 
197 5 -1.488286 
197 6 11.381714 
197 7 16.015227 
197 8 25.975227 
198 1 -3.784183 
198 2 10.585817 
198 3 15.800200 
198 4 25.970200 
198 5 -1.439684 
198 6 11.370316 
198 7 16.012483 
198 8 25.972483 
199 1 -3.757445 
199 2 10.582555 
199 3 15.800226 
199 4 25.970226 
199 5 -1.412946 
199 6 11.397054 
199 7 16.012509 
199 8 25.972509 
200 1 -3.746750 
200 2 10.593250 
200 3 15.800237 
200 4 25.970237 
200 5 -1.402251 
200 6 11.377749 
200 7 16.012520 
200 8 25.972520 
